$1[0m[38;2;0;0;0m        [38;2;125;125;125ml[38;2;188;188;188mO[38;2;227;227;227mN[38;2;234;234;234mN[38;2;233;233;233mN[38;2;232;232;232mN[38;2;231;231;231mN[38;2;230;230;230mN[38;2;229;229;229mN[38;2;228;228;228mN[38;2;227;227;227mN[38;2;226;226;226mN[38;2;226;226;226mX[38;2;224;224;224mX[38;2;224;224;224mX[38;2;222;222;222mX[38;2;221;221;221mX[38;2;221;221;221mX[38;2;192;192;192mo[38;2;7;7;7m [38;2;0;0;0m            [0m
[0m[38;2;0;0;0m      [38;2;4;4;4m [38;2;90;90;90m;[38;2;189;189;189mO[38;2;228;228;228mN[38;2;167;167;167mx[38;2;183;183;183mO[38;2;207;207;207mK[38;2;231;231;231mN[38;2;252;252;252mM[38;2;255;255;255mMMMMMMMMMM[38;2;216;216;216m:[38;2;43;43;43m [38;2;0;0;0m    [38;2;60;60;60m.[38;2;80;80;80m,[38;2;8;8;8m [38;2;0;0;0m      [0m
[0m[38;2;0;0;0m     [38;2;14;14;14m [38;2;117;117;117mc[38;2;156;156;156md[38;2;183;183;183mO[38;2;255;255;255mM[38;2;239;239;239mW[38;2;171;171;171mk[38;2;156;156;156mdd[38;2;161;161;161mx[38;2;185;185;185mO[38;2;210;210;210mK[38;2;238;238;238mN[38;2;255;255;255mMMMMMM[38;2;180;180;180m [38;2;17;17;17m [38;2;0;0;0m    [38;2;0;0;0m [38;2;154;154;154m [38;2;175;175;175m [38;2;36;36;36m [38;2;0;0;0m      [0m
[0m[38;2;0;0;0m    [38;2;35;35;35m.[38;2;137;137;137mo[38;2;156;156;156mdd[38;2;178;178;178mk[38;2;255;255;255mMM[38;2;248;248;248mW[38;2;185;185;185mO[38;2;158;158;158mx[38;2;178;178;178mk[38;2;203;203;203m0[38;2;227;227;227mN[38;2;250;250;250mM[38;2;255;255;255mMMMM[38;2;254;254;254mN[38;2;133;133;133m [38;2;3;3;3m [38;2;0;0;0m               [0m
[0m[38;2;0;0;0m   [38;2;63;63;63m.[38;2;152;152;152md[38;2;156;156;156mddd[38;2;173;173;173mk[38;2;255;255;255mMM[38;2;255;255;255mM[38;2;152;152;152m [38;2;38;38;38m [38;2;45;45;45m        [38;2;37;37;37m [38;2;0;0;0m                 [0m
[0m[38;2;0;0;0m [38;2;4;4;4m [38;2;90;90;90m;[38;2;156;156;156md[38;2;156;156;156md[38;2;159;159;159mx[38;2;179;179;179mk[38;2;203;203;203mK[38;2;229;229;229mN[38;2;255;255;255mM[38;2;247;247;247mO[38;2;101;101;101m [38;2;0;0;0m              [38;2;6;6;6m [38;2;117;117;117mc[38;2;176;176;176mk[38;2;177;177;177mk[38;2;122;122;122ml[38;2;9;9;9m [38;2;0;0;0m        [0m
[0m[38;2;15;15;15m [38;2;123;123;123ml[38;2;183;183;183mO[38;2;207;207;207mK[38;2;229;229;229mN[38;2;250;250;250mM[38;2;255;255;255mMMM[38;2;228;228;228ml[38;2;58;58;58m [38;2;0;0;0m               [38;2;50;50;50m [38;2;251;251;251mX[38;2;255;255;255mMM[38;2;252;252;252mX[38;2;60;60;60m [38;2;0;0;0m        [0m
[0m[38;2;86;86;86m [38;2;187;187;187mO[38;2;190;190;190mO[38;2;192;192;192m0[38;2;193;193;193m0[38;2;194;194;194m0[38;2;198;198;198m0[38;2;219;219;219mX[38;2;243;243;243mW[38;2;82;82;82m.[38;2;0;0;0m                 [38;2;38;38;38m [38;2;96;96;96m [38;2;98;98;98m [38;2;42;42;42m [38;2;0;0;0m    [38;2;2;2;2m [38;2;23;23;23m [38;2;17;17;17m [38;2;0;0;0m  [0m
[0m[38;2;0;0;0m [38;2;66;66;66m [38;2;161;161;161mo[38;2;187;187;187mO[38;2;208;208;208mK[38;2;230;230;230mN[38;2;250;250;250mM[38;2;255;255;255mMM[38;2;245;245;245mW[38;2;93;93;93m;[38;2;0;0;0m                      [38;2;5;5;5m [38;2;145;145;145md[38;2;236;236;236mN[38;2;255;255;255mM[38;2;254;254;254mM[38;2;214;214;214mK[38;2;85;85;85m'[0m
[0m[38;2;0;0;0m  [38;2;64;64;64m [38;2;232;232;232ml[38;2;255;255;255mMMMMMM[38;2;254;254;254mM[38;2;140;140;140mo[38;2;5;5;5m [38;2;0;0;0m                    [38;2;37;37;37m [38;2;251;251;251mX[38;2;255;255;255mMMMM[38;2;200;200;200m:[0m
[0m[38;2;0;0;0m   [38;2;32;32;32m [38;2;203;203;203m'[38;2;255;255;255mMMM[38;2;254;254;254mM[38;2;171;171;171mk[38;2;187;187;187mO[38;2;202;202;202m0[38;2;155;155;155md[38;2;63;63;63m.[38;2;45;45;45m.[38;2;45;45;45m................[38;2;35;35;35m [38;2;0;0;0m  [38;2;57;57;57m [38;2;150;150;150m [38;2;183;183;183m [38;2;177;177;177m [38;2;127;127;127m [38;2;23;23;23m [0m
[0m[38;2;0;0;0m    [38;2;9;9;9m [38;2;156;156;156m [38;2;255;255;255mMM[38;2;253;253;253mM[38;2;156;156;156mdd[38;2;161;161;161mx[38;2;226;226;226mN[38;2;255;255;255mM[38;2;244;244;244mW[38;2;219;219;219mX[38;2;194;194;194m0[38;2;169;169;169mk[38;2;156;156;156mdddddddddddd[38;2;131;131;131m.[38;2;25;25;25m [38;2;0;0;0m        [0m
[0m[38;2;0;0;0m     [38;2;0;0;0m [38;2;108;108;108m [38;2;249;249;249mX[38;2;253;253;253mM[38;2;156;156;156md[38;2;165;165;165mx[38;2;235;235;235mN[38;2;255;255;255mMMMMM[38;2;255;255;255mM[38;2;239;239;239mW[38;2;214;214;214mX[38;2;190;190;190mO[38;2;166;166;166mx[38;2;156;156;156mddddddd[38;2;109;109;109m [38;2;10;10;10m [38;2;0;0;0m         [0m
[0m[38;2;0;0;0m       [38;2;64;64;64m [38;2;230;230;230ml[38;2;169;169;169mk[38;2;240;240;240mW[38;2;255;255;255mMMMMMMMMMM[38;2;254;254;254mM[38;2;237;237;237mN[38;2;212;212;212mK[38;2;187;187;187mO[38;2;163;163;163mx[38;2;156;156;156md[38;2;154;154;154ml[38;2;75;75;75m [38;2;2;2;2m [38;2;0;0;0m          [0m
[0m[38;2;0;0;0m        [38;2;63;63;63m [38;2;200;200;200m [38;2;222;222;222m               [38;2;218;218;218m [38;2;176;176;176m [38;2;79;79;79m [38;2;0;0;0m            [0m
